233133.703125 24.306583 2432659.250000 25.000000
233133.703125 -3500.000000 2432659.250000 151.170176
222945.375000 90.280525 2444686.250000 25.000000
222945.375000 -3500.000000 2444686.250000 140.047091
233067.046875 442.053589 2456494.750000 25.000000
233067.046875 -3500.000000 2456494.750000 125.315889
228864.703125 299.248962 2459420.000000 25.000000
228864.703125 -3500.000000 2459420.000000 142.016868
228502.375000 366.851410 2474555.000000 25.000000
228502.375000 -3500.000000 2474555.000000 138.435878
238822.484375 373.181702 2491821.250000 25.000000
238822.484375 -3500.000000 2491821.250000 266.629248
184876.500000 23.277658 2498294.750000 25.000000
184876.500000 -3500.000000 2498294.750000 95.113225
212147.500000 190.486679 2509279.000000 25.000000
212147.500000 -3500.000000 2509279.000000 95.119247
174642.203125 3.158676 2509416.500000 25.000000
174642.203125 -3500.000000 2509416.500000 95.063174
250134.937500 174.000153 2510477.000000 25.000000
250134.937500 -3500.000000 2510477.000000 278.985269
228303.906250 562.419189 2516431.000000 25.000000
228303.906250 -3500.000000 2516431.000000 227.661405
254272.593750 134.799377 2517907.250000 25.000000
254272.593750 -3500.000000 2517907.250000 233.274004
265416.656250 184.153397 2529529.500000 25.000000
265416.656250 -3500.000000 2529529.500000 168.863880
244974.875000 448.125183 2530521.750000 25.000000
244974.875000 -3500.000000 2530521.750000 283.875877
183252.609375 26.914391 2530720.250000 25.000000
183252.609375 -3500.000000 2530720.250000 89.503998
254699.593750 371.900848 2531315.750000 25.000000
254699.593750 -3500.000000 2531315.750000 235.044385
221953.062500 996.421265 2536277.250000 25.000000
221953.062500 -3500.000000 2536277.250000 217.630041
260079.703125 297.256134 2540973.500000 25.000000
260079.703125 -3500.000000 2540973.500000 206.508843
279386.906250 148.173935 2543215.000000 25.000000
279386.906250 -3500.000000 2543215.000000 199.017897
174822.093750 9.243926 2544485.000000 25.000000
174822.093750 -3500.000000 2544485.000000 140.103201
198771.593750 164.712723 2553609.750000 25.000000
198771.593750 -3500.000000 2553609.750000 185.147946
266899.593750 333.327087 2556667.500000 25.000000
266899.593750 -3500.000000 2556667.500000 344.699479
219095.000000 412.714478 2556878.250000 25.000000
219095.000000 -3500.000000 2556878.250000 262.110498
201114.359375 322.786438 2559100.500000 25.000000
201114.359375 -3500.000000 2559100.500000 102.667376
193677.703125 72.888847 2561010.500000 25.000000
193677.703125 -3500.000000 2561010.500000 134.330399
224930.015625 723.546814 2562474.500000 25.000000
224930.015625 -3500.000000 2562474.500000 183.246625
256088.843750 915.577454 2562474.500000 25.000000
256088.843750 -3500.000000 2562474.500000 260.167528
200507.093750 276.938965 2562829.750000 25.000000
200507.093750 -3500.000000 2562829.750000 122.445026
168087.500000 5.510345 2562974.500000 25.000000
168087.500000 -3500.000000 2562974.500000 116.844371
252558.093750 768.103882 2563487.500000 25.000000
252558.093750 -3500.000000 2563487.500000 478.699441
169805.203125 5.155010 2564809.500000 25.000000
169805.203125 -3500.000000 2564809.500000 152.587642
281690.687500 897.958130 2569420.750000 25.000000
281690.687500 -3500.000000 2569420.750000 169.800939
284095.406250 199.691635 2576444.750000 25.000000
284095.406250 -3500.000000 2576444.750000 164.478375
197147.093750 357.519012 2577612.500000 25.000000
197147.093750 -3500.000000 2577612.500000 220.961965
208747.296875 276.885651 2579604.250000 25.000000
208747.296875 -3500.000000 2579604.250000 202.891314
181822.500000 16.684454 2581365.750000 25.000000
181822.500000 -3500.000000 2581365.750000 159.337346
200320.500000 436.373199 2583114.750000 25.000000
200320.500000 -3500.000000 2583114.750000 149.701113
186945.796875 26.686493 2583184.500000 25.000000
186945.796875 -3500.000000 2583184.500000 279.274096
178443.000000 12.520665 2586915.750000 25.000000
178443.000000 -3500.000000 2586915.750000 134.766271
281501.406250 205.928436 2592500.500000 25.000000
281501.406250 -3500.000000 2592500.500000 312.209453
219691.000000 1375.887085 2597297.250000 25.000000
219691.000000 -3500.000000 2597297.250000 99.113484
283873.187500 303.568848 2599520.750000 25.000000
283873.187500 -3500.000000 2599520.750000 692.906692
283476.875000 1110.552002 2604152.000000 25.000000
283476.875000 -3500.000000 2604152.000000 284.905533
192145.703125 24.663700 2605317.500000 25.000000
192145.703125 -3500.000000 2605317.500000 143.076234
242990.234375 1593.243164 2605938.000000 25.000000
242990.234375 -3500.000000 2605938.000000 260.367808
171741.703125 8.844940 2609099.500000 25.000000
171741.703125 -3500.000000 2609099.500000 147.458688
231287.000000 1703.394043 2610747.250000 25.000000
231287.000000 -3500.000000 2610747.250000 189.115046
213617.578125 311.022095 2613082.750000 25.000000
213617.578125 -3500.000000 2613082.750000 83.842987
168401.000000 3.963124 2620196.000000 25.000000
168401.000000 -3500.000000 2620196.000000 144.870578
298094.000000 94.509186 2621523.250000 25.000000
298094.000000 -3500.000000 2621523.250000 65.977405
287049.218750 256.543488 2624792.250000 25.000000
287049.218750 -3500.000000 2624792.250000 197.626152
260851.984375 1192.740356 2624990.500000 25.000000
260851.984375 -3500.000000 2624990.500000 271.049722
217734.703125 150.546127 2636613.750000 25.000000
217734.703125 -3500.000000 2636613.750000 92.900158
252714.968750 682.448792 2636700.000000 25.000000
252714.968750 -3500.000000 2636700.000000 128.195706
285263.031250 694.608337 2642058.500000 25.000000
285263.031250 -3500.000000 2642058.500000 154.596680
246090.593750 698.526123 2643596.000000 25.000000
246090.593750 -3500.000000 2643596.000000 52.290420
300732.406250 188.374405 2646081.750000 25.000000
300732.406250 -3500.000000 2646081.750000 91.759577
185537.000000 7.199845 2649641.250000 25.000000
185537.000000 -3500.000000 2649641.250000 130.496571
268790.531250 2185.336914 2652974.000000 25.000000
268790.531250 -3500.000000 2652974.000000 294.601837
252913.421875 579.879700 2654760.250000 25.000000
252913.421875 -3500.000000 2654760.250000 149.692984
291018.500000 812.581116 2655355.500000 25.000000
291018.500000 -3500.000000 2655355.500000 72.185500
266099.500000 1042.507324 2658185.000000 25.000000
266099.500000 -3500.000000 2658185.000000 472.436969
270001.593750 1277.865723 2658743.750000 25.000000
270001.593750 -3500.000000 2658743.750000 802.358760
242029.796875 458.240509 2661315.750000 25.000000
242029.796875 -3500.000000 2661315.750000 83.977783
243188.703125 392.815094 2662301.750000 25.000000
243188.703125 -3500.000000 2662301.750000 125.454736
199154.593750 10.588000 2662506.250000 25.000000
199154.593750 -3500.000000 2662506.250000 110.658347
209327.296875 28.163893 2664319.250000 25.000000
209327.296875 -3500.000000 2664319.250000 150.955451
256485.781250 846.218750 2666668.000000 25.000000
256485.781250 -3500.000000 2666668.000000 180.489729
267004.375000 1233.359863 2671629.500000 25.000000
267004.375000 -3500.000000 2671629.500000 242.473330
245967.187500 1272.250244 2676194.250000 25.000000
245967.187500 -3500.000000 2676194.250000 168.442839
298758.593750 699.731140 2677583.500000 25.000000
298758.593750 -3500.000000 2677583.500000 156.710017
279456.687500 2477.982178 2677768.500000 25.000000
279456.687500 -3500.000000 2677768.500000 205.535062
270814.406250 1654.251587 2682921.500000 25.000000
270814.406250 -3500.000000 2682921.500000 138.393536
264027.406250 1301.867188 2683140.500000 25.000000
264027.406250 -3500.000000 2683140.500000 210.505112
234771.796875 427.851990 2686420.250000 25.000000
234771.796875 -3500.000000 2686420.250000 118.090092
238159.500000 658.739502 2695650.250000 25.000000
238159.500000 -3500.000000 2695650.250000 172.219378
283476.312500 1891.855225 2696609.000000 25.000000
283476.312500 -3500.000000 2696609.000000 253.614661
236473.593750 388.994110 2697494.750000 25.000000
236473.593750 -3500.000000 2697494.750000 158.353608
241547.000000 537.763550 2699334.750000 25.000000
241547.000000 -3500.000000 2699334.750000 141.287590
224640.296875 392.164337 2699361.500000 25.000000
224640.296875 -3500.000000 2699361.500000 154.609073
212804.000000 39.952423 2699386.750000 25.000000
212804.000000 -3500.000000 2699386.750000 155.801242
217912.500000 74.281441 2701187.250000 25.000000
217912.500000 -3500.000000 2701187.250000 157.248413
256882.703125 1053.715698 2701399.250000 25.000000
256882.703125 -3500.000000 2701399.250000 223.295593
329266.093750 152.692535 2702330.250000 25.000000
329266.093750 -3500.000000 2702330.250000 121.796352
311261.812500 839.118530 2702391.500000 25.000000
311261.812500 -3500.000000 2702391.500000 255.410317
222957.593750 179.803986 2704902.000000 25.000000
222957.593750 -3500.000000 2704902.000000 137.602002
247356.437500 659.161438 2707353.000000 25.000000
247356.437500 -3500.000000 2707353.000000 183.261504
291890.000000 789.102051 2708445.250000 25.000000
291890.000000 -3500.000000 2708445.250000 676.943509
244931.796875 941.556641 2708566.000000 25.000000
244931.796875 -3500.000000 2708566.000000 133.373982
324757.343750 469.741394 2713307.000000 25.000000
324757.343750 -3500.000000 2713307.000000 205.088718
297567.781250 1180.130005 2713902.500000 25.000000
297567.781250 -3500.000000 2713902.500000 297.163642
224668.906250 104.532501 2715973.000000 25.000000
224668.906250 -3500.000000 2715973.000000 116.915579
259462.734375 707.454529 2719062.500000 25.000000
259462.734375 -3500.000000 2719062.500000 152.800051
246624.000000 396.742584 2721485.000000 25.000000
246624.000000 -3500.000000 2721485.000000 165.282733
244961.796875 142.007065 2721488.000000 25.000000
244961.796875 -3500.000000 2721488.000000 187.069315
226370.703125 45.529812 2721504.000000 25.000000
226370.703125 -3500.000000 2721504.000000 156.184603
335077.468750 11.886273 2721642.500000 25.000000
335077.468750 -3500.000000 2721642.500000 82.294974
313444.906250 304.369995 2723230.250000 25.000000
313444.906250 -3500.000000 2723230.250000 281.728169
241556.703125 82.878174 2723336.000000 25.000000
241556.703125 -3500.000000 2723336.000000 142.518404
335488.406250 3.233789 2723606.250000 25.000000
335488.406250 -3500.000000 2723606.250000 144.109949
278912.187500 1068.543091 2723825.500000 25.000000
278912.187500 -3500.000000 2723825.500000 177.673520
329451.031250 4.012837 2725763.750000 25.000000
329451.031250 -3500.000000 2725763.750000 256.264847
294789.312500 1068.367188 2726008.750000 25.000000
294789.312500 -3500.000000 2726008.750000 195.876797
331565.312500 2.074263 2726064.000000 25.000000
331565.312500 -3500.000000 2726064.000000 291.157644
309555.687500 205.077957 2726412.750000 25.000000
309555.687500 -3500.000000 2726412.750000 177.278704
261638.593750 274.226227 2726476.000000 25.000000
261638.593750 -3500.000000 2726476.000000 149.926888
309724.000000 171.128052 2726781.000000 25.000000
309724.000000 -3500.000000 2726781.000000 336.678772
246624.000000 142.491806 2727022.250000 25.000000
246624.000000 -3500.000000 2727022.250000 145.566479
269782.843750 703.525574 2727199.500000 25.000000
269782.843750 -3500.000000 2727199.500000 145.134921
308400.843750 179.388474 2727539.750000 25.000000
308400.843750 -3500.000000 2727539.750000 269.679333
308028.593750 215.528580 2727885.750000 25.000000
308028.593750 -3500.000000 2727885.750000 214.863510
256485.781250 314.846680 2728588.750000 25.000000
256485.781250 -3500.000000 2728588.750000 152.201354
236505.296875 10.692945 2728876.500000 25.000000
236505.296875 -3500.000000 2728876.500000 103.639522
333145.875000 5.892713 2729252.500000 25.000000
333145.875000 -3500.000000 2729252.500000 242.365348
261803.593750 542.007080 2730724.250000 25.000000
261803.593750 -3500.000000 2730724.250000 91.288916
271370.562500 416.520142 2731565.750000 25.000000
271370.562500 -3500.000000 2731565.750000 121.016176
330054.781250 1.951152 2731682.250000 25.000000
330054.781250 -3500.000000 2731682.250000 175.583900
327279.781250 4.829041 2732054.250000 25.000000
327279.781250 -3500.000000 2732054.250000 123.135213
322735.562500 16.729975 2732140.500000 25.000000
322735.562500 -3500.000000 2732140.500000 211.386689
249995.906250 80.221878 2732559.500000 25.000000
249995.906250 -3500.000000 2732559.500000 149.878139
285581.312500 613.599731 2732978.250000 25.000000
285581.312500 -3500.000000 2732978.250000 176.380471
330134.218750 2.519243 2735448.750000 25.000000
330134.218750 -3500.000000 2735448.750000 49.517635
332208.625000 1.284722 2737100.500000 25.000000
332208.625000 -3500.000000 2737100.500000 67.015417
329118.781250 1.605887 2737868.750000 25.000000
329118.781250 -3500.000000 2737868.750000 74.022482
321185.000000 12.785007 2738313.500000 25.000000
321185.000000 -3500.000000 2738313.500000 109.211097
331748.718750 3.172168 2739601.000000 25.000000
331748.718750 -3500.000000 2739601.000000 35.509517
253370.906250 110.894142 2739947.750000 25.000000
253370.906250 -3500.000000 2739947.750000 131.521377
261794.203125 379.931793 2739954.000000 25.000000
261794.203125 -3500.000000 2739954.000000 160.332021
322815.875000 14.393766 2739961.000000 25.000000
322815.875000 -3500.000000 2739961.000000 49.600756
329950.406250 3.221655 2740997.250000 25.000000
329950.406250 -3500.000000 2740997.250000 49.522552
270217.500000 202.591599 2741808.000000 25.000000
270217.500000 -3500.000000 2741808.000000 119.416086
325948.218750 6.223736 2742348.250000 25.000000
325948.218750 -3500.000000 2742348.250000 42.531119
330038.781250 0.034352 2744941.250000 25.000000
330038.781250 -3500.000000 2744941.250000 49.500240
244944.500000 13.417621 2745485.000000 25.000000
244944.500000 -3500.000000 2745485.000000 153.872158
326926.843750 12.173031 2746385.750000 25.000000
326926.843750 -3500.000000 2746385.750000 312.998189
326940.437500 13.625327 2747244.250000 25.000000
326940.437500 -3500.000000 2747244.250000 160.515722
304712.500000 192.853439 2751015.250000 25.000000
304712.500000 -3500.000000 2751015.250000 190.836447
248313.203125 62.573486 2751022.000000 25.000000
248313.203125 -3500.000000 2751022.000000 147.552528
261781.500000 302.220978 2752873.000000 25.000000
261781.500000 -3500.000000 2752873.000000 141.347962
266839.250000 374.284485 2752875.000000 25.000000
266839.250000 -3500.000000 2752875.000000 116.820543
247808.296875 21.940947 2756930.750000 25.000000
247808.296875 -3500.000000 2756930.750000 67.967680
305542.500000 226.067795 2758705.750000 25.000000
305542.500000 -3500.000000 2758705.750000 105.110457
278609.000000 127.755005 2760283.500000 25.000000
278609.000000 -3500.000000 2760283.500000 110.977794
290378.812500 30.983524 2764001.250000 25.000000
290378.812500 -3500.000000 2764001.250000 83.967425
286255.343750 137.529602 2764907.750000 25.000000
286255.343750 -3500.000000 2764907.750000 148.815320
342001.093750 14.562886 2769240.250000 25.000000
342001.093750 -3500.000000 2769240.250000 135.005818
261765.593750 47.655281 2769487.750000 25.000000
261765.593750 -3500.000000 2769487.750000 139.234500
288676.906250 236.996231 2771380.000000 25.000000
288676.906250 -3500.000000 2771380.000000 128.514796
312292.593750 49.403454 2792516.000000 25.000000
312292.593750 -3500.000000 2792516.000000 164.846496
312292.593750 49.403454 2792516.000000 25.000000
312292.593750 -3500.000000 2792516.000000 164.846496
